30.0	10.28
30.1	10.28
30.2	10.28
30.3	10.29
30.4	10.29
30.5	10.28
30.6	10.28
30.7	10.28
30.8	10.28
30.9	10.28
31.0	10.29
31.1	10.29
31.2	10.29
31.3	10.28
31.4	10.29
31.5	10.29
31.6	10.29
31.7	10.29
31.8	10.3
31.9	10.29
32.0	10.29
32.1	10.3
32.2	10.29
32.3	10.3
32.4	10.29
32.5	10.3
32.6	10.29
32.7	10.3
32.8	10.3
32.9	10.3
33.0	10.31
33.1	10.3
33.2	10.3
33.3	10.3
33.4	10.3
33.5	10.3
33.6	10.31
33.7	10.31
33.8	10.31
33.9	10.31
34.0	10.31
34.1	10.31
34.2	10.32
34.3	10.31
34.4	10.32
34.5	10.31
34.6	10.32
34.7	10.32
34.8	10.32
34.9	10.32
35.0	10.32
35.1	10.32
35.2	10.32
35.3	10.32
35.4	10.32
35.5	10.33
35.6	10.33
35.7	10.33
35.8	10.33
35.9	10.33
36.0	10.33
36.1	10.33
36.2	10.34
36.3	10.33
36.4	10.34
36.5	10.34
36.6	10.34
36.7	10.34
36.8	10.35
36.9	10.35
37.0	10.35
37.1	10.35
37.2	10.35
37.3	10.34
37.4	10.34
37.5	10.35
37.6	10.35
37.7	10.35
37.8	10.35
37.9	10.35
38.0	10.36
38.1	10.35
38.2	10.35
38.3	10.36
38.4	10.36
38.5	10.36
38.6	10.36
38.7	10.36
38.8	10.36
38.9	10.37
39.0	10.37
39.1	10.36
39.2	10.37
39.3	10.36
39.4	10.37
39.5	10.37
39.6	10.37
39.7	10.37
39.8	10.37
39.9	10.37
40.0	10.38
40.1	10.38
40.2	10.38
40.3	10.38
40.4	10.38
40.5	10.38
40.6	10.39
40.7	10.38
40.8	10.39
40.9	10.39
41.0	10.39
41.1	10.39
41.2	10.39
41.3	10.4
41.4	10.4
41.5	10.4
41.6	10.4
41.7	10.4
41.8	10.4
41.9	10.4
42.0	10.4
42.1	10.4
42.2	10.41
42.3	10.4
42.4	10.41
42.5	10.4
42.6	10.4
42.7	10.41
42.8	10.41
42.9	10.41
43.0	10.41
43.1	10.41
43.2	10.41
43.3	10.42
43.4	10.42
43.5	10.42
43.6	10.42
43.7	10.42
43.8	10.42
43.9	10.42
44.0	10.43
44.1	10.43
44.2	10.43
44.3	10.43
44.4	10.43
44.5	10.43
44.6	10.43
44.7	10.43
44.8	10.44
44.9	10.43
45.0	10.44
45.1	10.43
45.2	10.44
45.3	10.44
45.4	10.44
45.5	10.44
45.6	10.44
45.7	10.44
45.8	10.44
45.9	10.44
46.0	10.44
46.1	10.45
46.2	10.45
46.3	10.45
46.4	10.45
46.5	10.45
46.6	10.45
46.7	10.46
46.8	10.46
46.9	10.45
47.0	10.46
47.1	10.46
47.2	10.46
47.3	10.47
47.4	10.47
47.5	10.46
47.6	10.47
47.7	10.47
47.8	10.47
47.9	10.47
48.0	10.47
48.1	10.48
48.2	10.47
48.3	10.47
48.4	10.47
48.5	10.47
48.6	10.47
48.7	10.48
48.8	10.48
48.9	10.48
49.0	10.48
49.1	10.49
49.2	10.48
49.3	10.49
49.4	10.49
49.5	10.49
49.6	10.49
49.7	10.49
49.8	10.49
49.9	10.49
50.0	10.49
50.1	10.49
50.2	10.5
50.3	10.5
50.4	10.5
50.5	10.5
50.6	10.5
50.7	10.5
50.8	10.51
50.9	10.51
51.0	10.5
51.1	10.5
51.2	10.5
51.3	10.51
51.4	10.51
51.5	10.51
51.6	10.51
51.7	10.52
51.8	10.52
51.9	10.51
52.0	10.52
52.1	10.52
52.2	10.52
52.3	10.52
52.4	10.52
52.5	10.52
52.6	10.53
52.7	10.53
52.8	10.53
52.9	10.52
53.0	10.53
53.1	10.53
53.2	10.53
53.3	10.53
53.4	10.54
53.5	10.53
53.6	10.54
53.7	10.54
53.8	10.54
53.9	10.54
54.0	10.54
54.1	10.54
54.2	10.54
54.3	10.54
54.4	10.55
54.5	10.54
54.6	10.55
54.7	10.54
54.8	10.55
54.9	10.55
55.0	10.55
55.1	10.55
55.2	10.55
55.3	10.55
55.4	10.55
55.5	10.55
55.6	10.55
55.7	10.56
55.8	10.56
55.9	10.56
56.0	10.56
56.1	10.56
56.2	10.56
56.3	10.57
56.4	10.57
56.5	10.56
56.6	10.56
56.7	10.56
56.8	10.56
56.9	10.57
57.0	10.57
57.1	10.57
57.2	10.58
57.3	10.57
57.4	10.58
57.5	10.57
57.6	10.58
57.7	10.58
57.8	10.58
57.9	10.58
58.0	10.58
58.1	10.58
58.2	10.58
58.3	10.59
58.4	10.59
58.5	10.58
58.6	10.59
58.7	10.59
58.8	10.59
58.9	10.59
59.0	10.59
59.1	10.6
59.2	10.59
59.3	10.59
59.4	10.59
59.5	10.59
59.6	10.59
59.7	10.6
59.8	10.6
59.9	10.6
60.0	10.61
60.1	10.6
60.2	10.61
60.3	10.6
60.4	10.6
60.5	10.61
60.6	10.61
60.7	10.61
60.8	10.61
60.9	10.61
61.0	10.61
61.1	10.61
61.2	10.62
61.3	10.62
61.4	10.61
61.5	10.62
61.6	10.61
61.7	10.62
61.8	10.62
61.9	10.63
62.0	10.62
62.1	10.62
62.2	10.62
62.3	10.62
62.4	10.63
62.5	10.63
62.6	10.63
62.7	10.63
62.8	10.63
62.9	10.64
63.0	10.63
63.1	10.64
63.2	10.64
63.3	10.63
63.4	10.63
63.5	10.63
63.6	10.63
63.7	10.63
63.8	10.64
63.9	10.64
64.0	10.64
64.1	10.65
64.2	10.64
64.3	10.65
64.4	10.64
64.5	10.65
64.6	10.65
64.7	10.64
64.8	10.65
64.9	10.65
65.0	10.65
65.1	10.65
65.2	10.66
65.3	10.66
65.4	10.65
65.5	10.66
65.6	10.66
65.7	10.66
65.8	10.66
65.9	10.66
66.0	10.66
66.1	10.66
66.2	10.67
66.3	10.67
66.4	10.67
66.5	10.67
66.6	10.66
66.7	10.66
66.8	10.67
66.9	10.67
67.0	10.67
67.1	10.67
67.2	10.67
67.3	10.68
67.4	10.67
67.5	10.67
67.6	10.67
67.7	10.67
67.8	10.67
67.9	10.67
68.0	10.68
68.1	10.68
68.2	10.68
68.3	10.68
68.4	10.68
68.5	10.68
68.6	10.69
68.7	10.68
68.8	10.69
68.9	10.69
69.0	10.69
69.1	10.69
69.2	10.69
69.3	10.69
69.4	10.7
69.5	10.69
69.6	10.69
69.7	10.7
69.8	10.69
69.9	10.7
70.0	10.7
70.1	10.69
70.2	10.7
70.3	10.7
70.4	10.7
70.5	10.7
70.6	10.7
70.7	10.7
70.8	10.71
70.9	10.71
71.0	10.7
71.1	10.71
71.2	10.71
71.3	10.71
71.4	10.71
71.5	10.71
71.6	10.72
71.7	10.72
71.8	10.72
71.9	10.72
72.0	10.72
72.1	10.72
72.2	10.72
72.3	10.72
72.4	10.72
72.5	10.72
72.6	10.72
72.7	10.72
72.8	10.73
72.9	10.72
73.0	10.72
73.1	10.72
73.2	10.72
73.3	10.72
73.4	10.72
73.5	10.73
73.6	10.73
73.7	10.73
73.8	10.73
73.9	10.73
74.0	10.73
74.1	10.74
74.2	10.73
74.3	10.73
74.4	10.73
74.5	10.74
74.6	10.74
74.7	10.74
74.8	10.74
74.9	10.74
75.0	10.74
75.1	10.75
75.2	10.74
75.3	10.75
75.4	10.74
75.5	10.75
75.6	10.75
75.7	10.75
75.8	10.75
75.9	10.75
76.0	10.75
76.1	10.75
76.2	10.75
76.3	10.75
76.4	10.75
76.5	10.75
76.6	10.76
76.7	10.75
76.8	10.76
76.9	10.76
77.0	10.76
77.1	10.76
77.2	10.76
77.3	10.76
77.4	10.76
77.5	10.76
77.6	10.76
77.7	10.77
77.8	10.76
77.9	10.77
78.0	10.77
78.1	10.77
78.2	10.77
78.3	10.77
78.4	10.77
78.5	10.77
78.6	10.77
78.7	10.77
78.8	10.77
78.9	10.78
79.0	10.78
79.1	10.77
79.2	10.78
79.3	10.77
79.4	10.78
79.5	10.78
79.6	10.78
79.7	10.78
79.8	10.78
79.9	10.78
80.0	10.78
80.1	10.79
80.2	10.79
80.3	10.78
80.4	10.78
80.5	10.79
80.6	10.78
80.7	10.79
80.8	10.79
80.9	10.79
81.0	10.79
81.1	10.79
81.2	10.79
81.3	10.79
81.4	10.79
81.5	10.8
81.6	10.8
81.7	10.79
81.8	10.8
81.9	10.8
82.0	10.8
82.1	10.8
82.2	10.8
82.3	10.8
82.4	10.8
82.5	10.8
82.6	10.8
82.7	10.8
82.8	10.8
82.9	10.81
83.0	10.81
83.1	10.81
83.2	10.81
83.3	10.81
83.4	10.81
83.5	10.81
83.6	10.81
83.7	10.81
83.8	10.81
83.9	10.82
84.0	10.81
84.1	10.81
84.2	10.82
84.3	10.82
84.4	10.81
84.5	10.82
84.6	10.81
84.7	10.82
84.8	10.82
84.9	10.82
85.0	10.83
85.1	10.83
85.2	10.83
85.3	10.83
85.4	10.82
85.5	10.82
85.6	10.83
85.7	10.83
85.8	10.83
85.9	10.83
86.0	10.83
86.1	10.83
86.2	10.83
86.3	10.84
86.4	10.84
86.5	10.84
86.6	10.83
86.7	10.83
86.8	10.84
86.9	10.84
87.0	10.84
87.1	10.84
87.2	10.84
87.3	10.84
87.4	10.84
87.5	10.84
87.6	10.84
87.7	10.84
87.8	10.84
87.9	10.85
88.0	10.85
88.1	10.84
88.2	10.85
88.3	10.85
88.4	10.85
88.5	10.85
88.6	10.85
88.7	10.85
88.8	10.85
88.9	10.85
89.0	10.85
89.1	10.85
89.2	10.86
89.3	10.86
89.4	10.85
89.5	10.86
89.6	10.85
89.7	10.86
89.8	10.86
89.9	10.86
90.0	10.86
