30.0	181.59999999999997
30.1	180.98000000000008
30.2	180.36000000000007
30.3	179.74
30.4	179.12
30.5	178.49
30.6	177.87
30.7	177.25
30.8	176.64
30.9	176.01999999999998
31.0	175.40999999999997
31.1	174.78999999999996
31.2	174.18000000000006
31.3	173.56000000000006
31.4	172.96000000000004
31.5	172.35000000000002
31.6	171.73999999999995
31.7	171.12999999999994
31.8	170.53000000000003
31.9	169.92000000000002
32.0	169.31
32.1	168.70999999999998
32.2	168.09999999999997
32.3	167.49999999999994
32.4	166.90000000000003
32.5	166.3
32.6	165.7
32.7	165.09999999999997
32.8	164.50999999999993
32.9	163.92000000000007
33.0	163.32000000000005
33.1	162.72000000000003
33.2	162.13
33.3	161.53999999999996
33.4	160.95000000000005
33.5	160.36
33.6	159.77999999999997
33.7	159.20000000000005
33.8	158.61
33.9	158.01999999999998
34.0	157.45
34.1	156.86000000000007
34.2	156.29000000000002
34.3	155.7
34.4	155.12999999999994
34.5	154.54000000000002
34.6	153.97000000000003
34.7	153.39999999999998
34.8	152.82000000000005
34.9	152.25
35.0	151.67999999999995
35.1	151.11000000000007
35.2	150.54000000000002
35.3	149.96999999999997
35.4	149.41000000000003
35.5	148.85000000000002
35.6	148.27999999999997
35.7	147.72000000000003
35.8	147.16000000000003
35.9	146.59999999999997
36.0	146.03000000000003
36.1	145.47999999999996
36.2	144.93000000000006
36.3	144.37
36.4	143.81999999999994
36.5	143.26000000000005
36.6	142.70999999999998
36.7	142.15999999999997
36.8	141.62
36.9	141.06999999999994
37.0	140.52000000000004
37.1	139.96999999999997
37.2	139.43000000000006
37.3	138.88
37.4	138.32999999999993
37.5	137.8
37.6	137.24999999999994
37.7	136.72000000000003
37.8	136.17999999999995
37.9	135.64000000000004
38.0	135.11
38.1	134.57000000000005
38.2	134.03999999999996
38.3	133.51000000000005
38.4	132.98000000000002
38.5	132.45000000000005
38.6	131.92000000000002
38.7	131.38999999999993
38.8	130.87
38.9	130.35000000000008
39.0	129.82
39.1	129.30000000000007
39.2	128.77999999999997
39.3	128.26000000000005
39.4	127.74000000000001
39.5	127.23000000000002
39.6	126.69999999999999
39.7	126.19000000000005
39.8	125.67999999999995
39.9	125.17000000000002
40.0	124.65999999999997
40.1	124.15000000000003
40.2	123.63999999999993
40.3	123.13999999999999
40.4	122.63000000000005
40.5	122.12
40.6	121.62
40.7	121.10999999999996
40.8	120.62
40.9	120.11999999999995
41.0	119.62
41.1	119.12000000000006
41.2	118.62999999999994
41.3	118.13
41.4	117.64000000000004
41.5	117.13999999999999
41.6	116.65000000000003
41.7	116.15999999999997
41.8	115.67000000000002
41.9	115.18000000000006
42.0	114.69999999999999
42.1	114.21000000000004
42.2	113.73000000000008
42.3	113.23999999999995
42.4	112.75999999999999
42.5	112.26999999999992
42.6	111.78999999999996
42.7	111.32
42.8	110.83999999999992
42.9	110.36000000000001
43.0	109.89000000000004
43.1	109.40999999999997
43.2	108.94
43.3	108.47000000000003
43.4	108.00000000000006
43.5	107.53999999999996
43.6	107.07
43.7	106.60000000000002
43.8	106.12999999999994
43.9	105.67000000000002
44.0	105.21000000000004
44.1	104.75000000000006
44.2	104.28999999999996
44.3	103.82999999999998
44.4	103.37000000000006
44.5	102.90999999999997
44.6	102.45999999999998
44.7	102.0
44.8	101.55000000000007
44.9	101.09999999999997
45.0	100.64999999999998
45.1	100.19
45.2	99.75000000000006
45.3	99.29999999999995
45.4	98.84999999999997
45.5	98.41000000000003
45.6	97.96000000000004
45.7	97.52000000000004
45.8	97.07999999999998
45.9	96.63999999999999
46.0	96.19
46.1	95.76000000000005
46.2	95.31999999999994
46.3	94.88
46.4	94.44999999999999
46.5	94.00999999999999
46.6	93.59000000000003
46.7	93.16000000000008
46.8	92.72999999999996
46.9	92.28999999999996
47.0	91.87
47.1	91.44000000000005
47.2	91.00999999999999
47.3	90.59999999999991
47.4	90.16999999999996
47.5	89.75
47.6	89.33000000000004
47.7	88.90999999999997
47.8	88.5
47.9	88.07000000000005
48.0	87.65999999999997
48.1	87.25
48.2	86.82999999999993
48.3	86.40999999999997
48.4	86.0
48.5	85.59000000000003
48.6	85.18000000000006
48.7	84.77999999999997
48.8	84.37
48.9	83.96999999999991
49.0	83.55999999999995
49.1	83.15999999999997
49.2	82.75
49.3	82.35000000000002
49.4	81.96000000000004
49.5	81.55000000000007
49.6	81.16000000000008
49.7	80.7600000000001
49.8	80.3599999999999
49.9	79.96999999999991
50.0	79.57999999999993
50.1	79.17999999999995
50.2	78.79999999999995
50.3	78.39999999999998
50.4	78.00999999999999
50.5	77.63
50.6	77.24000000000001
50.7	76.86000000000001
50.8	76.47000000000003
50.9	76.09000000000003
51.0	75.70000000000005
51.1	75.32000000000005
51.2	74.94000000000005
51.3	74.57000000000005
51.4	74.20000000000005
51.5	73.82000000000005
51.6	73.44000000000005
51.7	73.06999999999994
51.8	72.68999999999994
51.9	72.31999999999994
52.0	71.94999999999993
52.1	71.57999999999993
52.2	71.20999999999992
52.3	70.83999999999992
52.4	70.4799999999999
52.5	70.1099999999999
52.6	69.75
52.7	69.38
52.8	69.01999999999998
52.9	68.65999999999997
53.0	68.29999999999995
53.1	67.93999999999994
53.2	67.58000000000004
53.3	67.23000000000002
53.4	66.87
53.5	66.5100000000001
53.6	66.16000000000008
53.7	65.81000000000006
53.8	65.46000000000004
53.9	65.11000000000001
54.0	64.75999999999999
54.1	64.40999999999997
54.2	64.06000000000006
54.3	63.72000000000003
54.4	63.379999999999995
54.5	63.02999999999997
54.6	62.68999999999994
54.7	62.34000000000003
54.8	62.00999999999999
54.9	61.66999999999996
55.0	61.32999999999993
55.1	60.989999999999895
55.2	60.64999999999998
55.3	60.32000000000005
55.4	59.98000000000002
55.5	59.64999999999998
55.6	59.32000000000005
55.7	58.99000000000001
55.8	58.65999999999997
55.9	58.32999999999993
56.0	58.0
56.1	57.66999999999996
56.2	57.34999999999991
56.3	57.030000000000086
56.4	56.700000000000045
56.5	56.370000000000005
56.6	56.05000000000007
56.7	55.73000000000002
56.8	55.40999999999997
56.9	55.10000000000002
57.0	54.77999999999997
57.1	54.45999999999992
57.2	54.15000000000009
57.3	53.83000000000004
57.4	53.52999999999997
57.5	53.210000000000036
57.6	52.89999999999998
57.7	52.58999999999992
57.8	52.289999999999964
57.9	51.97000000000003
58.0	51.66000000000008
58.1	51.360000000000014
58.2	51.049999999999955
58.3	50.75
58.4	50.44999999999993
58.5	50.139999999999986
58.6	49.85000000000002
58.7	49.54000000000008
58.8	49.25
58.9	48.94999999999993
59.0	48.64999999999998
59.1	48.3599999999999
59.2	48.06000000000006
59.3	47.75999999999999
59.4	47.47000000000003
59.5	47.17999999999995
59.6	46.889999999999986
59.7	46.60000000000002
59.8	46.31000000000006
59.9	46.01999999999998
60.0	45.74000000000001
60.1	45.44999999999993
60.2	45.17000000000007
60.3	44.879999999999995
60.4	44.60000000000002
60.5	44.319999999999936
60.6	44.039999999999964
60.7	43.760000000000105
60.8	43.48000000000002
60.9	43.200000000000045
61.0	42.92999999999995
61.1	42.64999999999998
61.2	42.379999999999995
61.3	42.10000000000002
61.4	41.83000000000004
61.5	41.559999999999945
61.6	41.27999999999997
61.7	41.01999999999998
61.8	40.75
61.9	40.48000000000002
62.0	40.20999999999992
62.1	39.940000000000055
62.2	39.680000000000064
62.3	39.40999999999997
62.4	39.15999999999997
62.5	38.8900000000001
62.6	38.629999999999995
62.7	38.379999999999995
62.8	38.110000000000014
62.9	37.860000000000014
63.0	37.60000000000002
63.1	37.34000000000003
63.2	37.08999999999992
63.3	36.83000000000004
63.4	36.58000000000004
63.5	36.319999999999936
63.6	36.069999999999936
63.7	35.82000000000005
63.8	35.58000000000004
63.9	35.32999999999993
64.0	35.08000000000004
64.1	34.84000000000003
64.2	34.59000000000003
64.3	34.34999999999991
64.4	34.10000000000002
64.5	33.860000000000014
64.6	33.620000000000005
64.7	33.370000000000005
64.8	33.129999999999995
64.9	32.889999999999986
65.0	32.64999999999998
65.1	32.42000000000007
65.2	32.190000000000055
65.3	31.949999999999932
65.4	31.710000000000036
65.5	31.480000000000018
65.6	31.25
65.7	31.019999999999982
65.8	30.779999999999973
65.9	30.559999999999945
66.0	30.329999999999927
66.1	30.110000000000014
66.2	29.879999999999995
66.3	29.649999999999977
66.4	29.430000000000064
66.5	29.200000000000045
66.6	28.980000000000018
66.7	28.75
66.8	28.539999999999964
66.9	28.309999999999945
67.0	28.100000000000023
67.1	27.879999999999995
67.2	27.659999999999968
67.3	27.450000000000045
67.4	27.230000000000018
67.5	27.00999999999999
67.6	26.800000000000068
67.7	26.590000000000032
67.8	26.370000000000005
67.9	26.160000000000082
68.0	25.960000000000036
68.1	25.75
68.2	25.540000000000077
68.3	25.33000000000004
68.4	25.120000000000005
68.5	24.920000000000073
68.6	24.720000000000027
68.7	24.50999999999999
68.8	24.31000000000006
68.9	24.110000000000014
69.0	23.909999999999968
69.1	23.710000000000036
69.2	23.50999999999999
69.3	23.31000000000006
69.4	23.120000000000005
69.5	22.91999999999996
69.6	22.720000000000027
69.7	22.529999999999973
69.8	22.329999999999927
69.9	22.139999999999986
70.0	21.950000000000045
70.1	21.760000000000105
70.2	21.57000000000005
70.3	21.379999999999995
70.4	21.190000000000055
70.5	21.0
70.6	20.819999999999936
70.7	20.629999999999995
70.8	20.449999999999932
70.9	20.25999999999999
71.0	20.08000000000004
71.1	19.899999999999977
71.2	19.720000000000027
71.3	19.539999999999964
71.4	19.3599999999999
71.5	19.190000000000055
71.6	19.00999999999999
71.7	18.83000000000004
71.8	18.659999999999968
71.9	18.479999999999905
72.0	18.31000000000006
72.1	18.129999999999995
72.2	17.960000000000036
72.3	17.789999999999964
72.4	17.620000000000005
72.5	17.450000000000045
72.6	17.279999999999973
72.7	17.120000000000005
72.8	16.950000000000045
72.9	16.779999999999973
73.0	16.610000000000014
73.1	16.449999999999932
73.2	16.290000000000077
73.3	16.120000000000005
73.4	15.960000000000036
73.5	15.81000000000006
73.6	15.649999999999977
73.7	15.480000000000018
73.8	15.329999999999927
73.9	15.170000000000073
74.0	15.019999999999982
74.1	14.8599999999999
74.2	14.700000000000045
74.3	14.549999999999955
74.4	14.399999999999977
74.5	14.25
74.6	14.100000000000023
74.7	13.940000000000055
74.8	13.799999999999955
74.9	13.649999999999977
75.0	13.5
75.1	13.360000000000014
75.2	13.209999999999923
75.3	13.07000000000005
75.4	12.919999999999959
75.5	12.780000000000086
75.6	12.639999999999986
75.7	12.5
75.8	12.360000000000014
75.9	12.219999999999914
76.0	12.080000000000041
76.1	11.93999999999994
76.2	11.800000000000068
76.3	11.659999999999968
76.4	11.529999999999973
76.5	11.389999999999986
76.6	11.259999999999991
76.7	11.129999999999995
76.8	11.0
76.9	10.870000000000005
77.0	10.740000000000009
77.1	10.610000000000014
77.2	10.480000000000018
77.3	10.360000000000014
77.4	10.230000000000018
77.5	10.099999999999909
77.6	9.970000000000027
77.7	9.8599999999999
77.8	9.730000000000018
77.9	9.610000000000014
78.0	9.480000000000018
78.1	9.370000000000005
78.2	9.25
78.3	9.120000000000005
78.4	9.009999999999991
78.5	8.889999999999986
78.6	8.770000000000095
78.7	8.659999999999968
78.8	8.540000000000077
78.9	8.42999999999995
79.0	8.319999999999936
79.1	8.200000000000045
79.2	8.089999999999918
79.3	7.980000000000018
79.4	7.8700000000000045
79.5	7.769999999999982
79.6	7.659999999999968
79.7	7.550000000000068
79.8	7.439999999999941
79.9	7.340000000000032
80.0	7.230000000000018
80.1	7.139999999999986
80.2	7.029999999999973
80.3	6.930000000000064
80.4	6.819999999999936
80.5	6.730000000000018
80.6	6.6200000000000045
80.7	6.530000000000086
80.8	6.42999999999995
80.9	6.340000000000032
81.0	6.230000000000018
81.1	6.1400000000001
81.2	6.0499999999999545
81.3	5.949999999999932
81.4	5.860000000000014
81.5	5.769999999999982
81.6	5.67999999999995
81.7	5.589999999999918
81.8	5.5
81.9	5.409999999999968
82.0	5.330000000000041
82.1	5.240000000000009
82.2	5.149999999999977
82.3	5.069999999999936
82.4	4.980000000000018
82.5	4.899999999999977
82.6	4.82000000000005
82.7	4.7299999999999045
82.8	4.649999999999977
82.9	4.579999999999927
83.0	4.5
83.1	4.419999999999959
83.2	4.340000000000032
83.3	4.269999999999982
83.4	4.190000000000055
83.5	4.1200000000000045
83.6	4.039999999999964
83.7	3.9699999999999136
83.8	3.8999999999999773
83.9	3.8299999999999272
84.0	3.759999999999991
84.1	3.67999999999995
84.2	3.6200000000000045
84.3	3.5499999999999545
84.4	3.480000000000018
84.5	3.419999999999959
84.6	3.3500000000000227
84.7	3.2799999999999727
84.8	3.2200000000000273
84.9	3.159999999999968
85.0	3.1000000000000227
85.1	3.0400000000000773
85.2	2.980000000000018
85.3	2.9200000000000728
85.4	2.8600000000000136
85.5	2.800000000000068
85.6	2.740000000000009
85.7	2.6800000000000637
85.8	2.6299999999999955
85.9	2.57000000000005
86.0	2.519999999999982
86.1	2.4700000000000273
86.2	2.419999999999959
86.3	2.3700000000000045
86.4	2.3199999999999363
86.5	2.269999999999982
86.6	2.2200000000000273
86.7	2.1700000000000728
86.8	2.1299999999999955
86.9	2.080000000000041
87.0	2.0399999999999636
87.1	1.990000000000009
87.2	1.9499999999999318
87.3	1.9099999999999682
87.4	1.8599999999999
87.5	1.82000000000005
87.6	1.7799999999999727
87.7	1.740000000000009
87.8	1.6999999999999318
87.9	1.669999999999959
88.0	1.6300000000001091
88.1	1.5900000000000318
88.2	1.5600000000000591
88.3	1.5199999999999818
88.4	1.490000000000009
88.5	1.4600000000000364
88.6	1.4300000000000637
88.7	1.3999999999999773
88.8	1.3700000000000045
88.9	1.3399999999999181
89.0	1.3100000000000591
89.1	1.2799999999999727
89.2	1.259999999999991
89.3	1.2299999999999045
89.4	1.2000000000000455
89.5	1.17999999999995
89.6	1.1599999999999682
89.7	1.1400000000001
89.8	1.1200000000000045
89.9	1.1000000000000227
90.0	1.0699999999999363
